0	864
1	865
2	866
3	867
4	868
5	869
6	870
7	871
8	872
9	873
10	874
11	875
12	876
13	877
14	878
15	879
16	880
17	881
18	882
19	883
20	884
21	885
22	886
23	887
24	888
25	889
26	890
27	891
28	892
29	893
30	894
31	895
32	896
33	897
34	898
35	899
36	900
37	901
38	902
39	903
40	904
41	905
42	906
43	907
44	908
45	909
46	910
47	911
48	912
49	913
50	914
51	915
52	916
53	917
54	918
55	919
56	920
57	921
58	922
59	923
60	924
61	925
62	926
63	927
64	928
65	929
66	930
67	931
68	932
69	933
70	934
71	935
72	936
73	937
74	938
75	939
76	940
77	941
78	942
79	943
80	944
81	945
82	946
83	947
84	948
85	949
86	950
87	951
88	952
89	953
90	953
91	954
92	955
93	956
94	957
95	958
96	959
97	960
98	961
99	962
100	963
101	964
102	965
103	966
104	967
105	968
106	969
107	970
108	971
109	972
110	973
111	974
112	975
113	976
114	977
115	978
116	979
117	980
118	981
119	982
120	983
121	984
122	985
123	986
124	987
125	988
126	877
127	989
128	990
129	991
130	992
131	993
132	994
133	995
134	996
135	997
136	998
137	999
138	1000
139	1001
140	1002
141	1003
142	1004
143	1005
144	1006
145	1007
146	1008
147	1009
148	1010
149	1011
150	1012
151	1013
152	1014
153	1015
154	1016
155	1017
156	1018
157	1019
158	1020
159	1021
160	1022
161	1023
162	983
163	1024
164	1025
165	1026
166	877
167	1027
168	1028
169	1029
170	1030
171	1031
172	1032
173	1033
174	1034
175	1035
176	1036
177	1037
178	1038
179	1039
180	1040
181	1041
182	1042
183	1043
184	1044
185	1045
186	1046
187	1047
188	1048
189	1049
190	1050
191	1051
192	1052
193	1053
194	1054
195	1055
196	1056
197	1057
198	1058
199	1059
200	1060
201	1061
202	906
203	1062
204	1063
205	1064
206	1065
207	1066
208	1067
209	1068
210	1069
211	1070
212	1071
213	1072
214	1073
215	1074
216	1075
217	1076
218	1077
219	1078
220	1079
221	1080
222	1081
223	1082
224	1083
225	1084
226	1085
227	1086
228	1087
229	1088
230	1089
231	1090
232	1091
233	1092
234	1093
235	1094
236	1095
237	1096
238	1097
239	1098
240	1099
241	1100
242	1101
243	1102
244	1103
245	1104
246	1105
247	1106
248	1107
249	1108
250	1109
251	1110
252	1111
253	1112
254	1113
255	1114
256	1115
257	1116
258	1117
259	1118
260	1119
261	1120
262	1121
263	1122
264	1123
265	1124
266	1125
267	1126
268	1127
269	1128
270	1129
271	1130
272	1131
273	1132
274	1133
275	1134
276	1135
277	1136
278	1137
279	1138
280	1139
281	1140
282	1141
283	1142
284	1143
285	1144
286	1145
287	1146
288	1147
289	1148
290	1149
291	1150
292	1151
293	1152
294	1153
295	1154
296	1155
297	1156
298	1157
299	1158
300	1159
301	1160
302	1161
303	1162
304	1163
305	1164
306	1165
307	1166
308	1167
309	1168
310	1169
311	1170
312	1171
313	1172
314	1173
315	1174
316	1175
317	1176
318	1177
319	1178
320	1179
321	1180
322	1181
323	1182
324	1183
325	1184
326	1185
327	1186
328	1187
329	1188
330	1189
331	1190
332	1191
333	1192
334	1193
335	1194
336	1195
337	1196
338	1197
339	1198
340	1199
341	1200
342	1201
343	1202
344	1203
345	1204
346	1205
347	1206
348	1207
349	1208
350	1209
351	1210
352	1211
353	1212
354	1213
355	1214
356	1215
357	1216
358	1217
359	1218
360	1219
361	1220
362	1221
363	1222
364	1223
365	1224
366	1225
367	1226
368	1227
369	1228
370	1229
371	1230
372	1231
373	1232
374	1233
375	1234
376	1235
377	1236
378	1237
379	1238
380	1239
381	1240
382	1241
383	1242
384	1243
385	1244
386	1245
387	1246
388	1247
389	1248
390	1249
391	1250
392	1251
393	1252
394	1253
395	1254
396	1255
397	1256
398	1257
399	1258
400	1259
401	1248
402	1260
403	1261
404	1262
405	1263
406	1264
407	1265
408	1266
409	1267
410	1268
411	1269
412	1270
413	1271
414	1272
415	1273
416	1274
417	1275
418	1276
419	1277
420	1278
421	1279
422	1280
423	1281
424	1282
425	1283
426	1284
427	934
428	1285
429	1286
430	1287
431	1288
432	1289
433	934
434	1290
435	1291
436	1292
437	936
438	934
439	1293
440	1294
441	1295
442	1294
443	1296
444	1297
445	1298
446	1286
447	1299
448	1300
449	934
450	1301
451	1302
452	1303
453	1304
454	1305
455	1306
456	1307
457	1308
458	1309
459	1310
460	1311
461	1312
462	1313
463	1314
464	1315
465	1316
466	1317
467	1318
468	1319
469	1320
470	1321
471	1322
472	1323
473	1324
474	1325
475	1326
476	1327
477	1328
478	1329
479	1330
480	1331
481	1332
482	1333
483	1334
484	1335
485	1336
486	1337
487	1338
488	1339
489	1340
490	1341
491	1342
492	1343
493	1344
494	1345
495	1346
496	1323
497	1347
498	1348
499	1349
500	1350
501	1351
502	1352
503	1353
504	1354
505	1355
506	1356
507	1357
508	1358
509	1359
510	1360
511	1361
512	1362
513	1363
514	1364
515	1365
516	1366
517	1367
518	1368
519	1369
520	1370
521	1371
522	1372
523	1373
524	1374
525	1375
526	1376
527	1377
528	1378
529	1379
530	1380
531	1381
532	1382
533	1383
534	1384
535	1385
536	1386
537	1387
538	1388
539	1389
540	1390
541	1391
542	1392
543	1393
544	1394
545	1395
546	1396
547	1397
548	1398
549	1399
550	1400
551	1401
552	1402
553	1403
554	1404
555	1405
556	1406
557	1407
558	1408
559	1409
560	1410
561	1411
562	1412
563	1413
564	1414
565	1403
566	1415
567	1416
568	1417
569	1418
570	1419
571	1420
572	1421
573	1422
574	1423
575	1424
576	1425
577	1426
578	1427
579	1428
580	1429
581	1430
582	1431
583	1432
584	1433
585	1434
586	1435
587	1436
588	1437
589	1438
590	1439
591	1440
592	1441
593	1442
594	1443
595	1444
596	1445
597	1446
598	1447
599	1448
600	1449
601	1450
602	1451
603	1452
604	1453
605	1454
606	1455
607	1456
608	1457
609	1458
610	1459
611	1460
612	1461
613	1462
614	1463
615	1464
616	1465
617	1466
618	1467
619	1468
620	1469
621	1470
622	1471
623	1472
624	1473
625	1474
626	1475
627	1476
628	1477
629	1478
630	1479
631	1480
632	1481
633	1482
634	1483
635	1484
636	1485
637	1486
638	1487
639	1488
640	1489
641	1490
642	1491
643	1492
644	1493
645	1494
646	1495
647	1496
648	1497
649	1498
650	1499
651	1500
652	1501
653	1502
654	1503
655	1504
656	1505
657	1291
658	1506
659	1291
660	1507
661	1505
662	1508
663	1509
664	1510
665	1511
666	1512
667	1513
668	1514
669	1515
670	1516
671	1517
672	1518
673	1506
674	1519
675	1520
676	1521
677	1522
678	1523
679	1524
680	1525
681	1526
682	1527
683	1528
684	1529
685	1530
686	1531
687	1532
688	1533
689	1534
690	1535
691	1536
692	1537
693	1538
694	1539
695	1540
696	1541
697	1542
698	1543
699	1544
700	1545
701	1546
702	1547
703	1548
704	1544
705	1549
706	1550
707	1551
708	1552
709	1553
710	1554
711	1555
712	1556
713	1557
714	1558
715	1559
716	1560
717	1561
718	1562
719	1563
720	1564
721	1565
722	1566
723	1567
724	1568
725	1569
726	1570
727	1571
728	1572
729	1573
730	1574
731	1575
732	1576
733	1577
734	1578
735	1579
736	1580
737	1581
738	1582
739	1583
740	1584
741	1585
742	1586
743	1587
744	1588
745	1589
746	1590
747	1591
748	1592
749	1593
750	1594
751	1595
752	865
753	866
754	867
755	868
756	869
757	870
758	1596
759	872
760	873
761	1597
762	875
763	876
764	1598
765	878
766	879
767	880
768	881
769	882
770	883
771	1599
772	885
773	886
774	887
775	888
776	889
777	890
778	891
779	1600
780	1601
781	1602
782	895
783	896
784	897
785	898
786	899
787	1603
788	901
789	902
790	903
791	1604
792	905
793	1605
794	907
795	908
796	909
797	910
798	1606
799	1607
800	1608
801	914
802	915
803	916
804	917
805	1609
806	919
807	1610
808	1611
809	1612
810	923
811	1613
812	1614
813	1615
814	1616
815	1617
816	929
817	930
818	1512
819	1506
820	1618
821	1619
822	935
823	1620
824	937
825	1621
826	1622
827	1623
828	1280
829	1624
830	943
831	944
832	1625
833	1626
834	1627
835	948
836	1628
837	950
838	1629
839	952
840	1630
841	1630
842	954
843	1631
844	956
845	957
846	958
847	959
848	1632
849	961
850	1633
851	963
852	1634
853	965
854	966
855	967
856	968
857	969
858	970
859	1635
860	972
861	973
862	974
863	954
